100000 276641
200000 515708
300000 780057
400000 1.0317e+06
500000 1.2878e+06
600000 1.4893e+06
700000 1.71789e+06
800000 1.92496e+06
900000 2.15363e+06
1000000 2.40408e+06
1100000 2.67855e+06
1200000 2.88403e+06
1300000 3.11164e+06
1400000 3.29169e+06
1500000 3.54291e+06
1600000 3.81711e+06
1700000 4.04451e+06
1800000 4.29671e+06
1900000 4.58382e+06
2000000 4.65429e+06
2100000 5.0769e+06
2200000 5.28929e+06
2300000 5.50293e+06
2400000 5.71008e+06
2500000 5.95097e+06
2600000 6.17634e+06
2700000 6.43769e+06
2800000 6.67843e+06
2900000 6.80792e+06
3000000 7.0458e+06
3100000 7.24317e+06
3200000 7.56192e+06
3300000 7.77822e+06
3400000 7.99704e+06
3500000 8.21368e+06
3600000 8.42384e+06
3700000 8.69859e+06
3800000 8.80482e+06
3900000 9.1212e+06
4000000 9.38276e+06
4100000 9.59452e+06
4200000 9.76283e+06
4300000 1.00949e+07
4400000 1.03279e+07
4500000 1.05237e+07
4600000 1.07491e+07
4700000 1.09431e+07
4800000 1.12817e+07
4900000 1.13358e+07
5000000 1.17158e+07
5100000 1.20035e+07
5200000 1.2195e+07
5300000 1.26531e+07
5400000 1.28168e+07
5500000 1.29435e+07
5600000 1.32932e+07
5700000 1.34894e+07
5800000 1.36559e+07
5900000 1.40587e+07
6000000 1.42447e+07
6100000 1.44804e+07
6200000 1.46618e+07
6300000 1.49591e+07
6400000 1.51766e+07
6500000 1.54201e+07
6600000 1.56223e+07
6700000 1.58422e+07
6800000 1.59019e+07
6900000 1.63833e+07
7000000 1.65868e+07
7100000 1.68385e+07
7200000 1.70247e+07
7300000 1.71411e+07
7400000 1.75147e+07
7500000 1.76115e+07
7600000 1.79436e+07
7700000 1.80145e+07
7800000 1.84285e+07
7900000 1.8693e+07
8000000 1.89095e+07
8100000 1.91218e+07
8200000 1.93348e+07
8300000 1.95475e+07
8400000 1.985e+07
8500000 1.9902e+07
8600000 2.02603e+07
8700000 2.03744e+07
8800000 2.06954e+07
8900000 2.07699e+07
9000000 2.12281e+07
9100000 2.14309e+07
9200000 2.16597e+07
9300000 2.18621e+07
9400000 2.20232e+07
9500000 2.23586e+07
9600000 2.24408e+07
9700000 2.2813e+07
9800000 2.3056e+07
9900000 2.32459e+07
10000000 2.35462e+07
10100000 2.36117e+07
10200000 2.39828e+07
10300000 2.41964e+07
10400000 2.42719e+07
10500000 2.46926e+07
10600000 2.49803e+07
10700000 2.50954e+07
10800000 2.53867e+07
10900000 2.55218e+07
11000000 2.58191e+07
11100000 2.60669e+07
11200000 2.62253e+07
11300000 2.65439e+07
11400000 2.67315e+07
11500000 2.6967e+07
11600000 2.71184e+07
11700000 2.74953e+07
11800000 2.77285e+07
11900000 2.77674e+07
12000000 2.81414e+07
12100000 2.84372e+07
12200000 2.86673e+07
12300000 2.87186e+07
12400000 2.91497e+07
12500000 2.93819e+07
12600000 2.96594e+07
12700000 2.96962e+07
12800000 2.99397e+07
12900000 3.02702e+07
13000000 3.05232e+07
13100000 3.0691e+07
13200000 2.98993e+07
13300000 3.02368e+07
13400000 3.04599e+07
13500000 3.07151e+07
13600000 3.09071e+07
13700000 3.10144e+07
13800000 3.12614e+07
13900000 3.16136e+07
14000000 3.18045e+07
14100000 3.204e+07
14200000 3.23116e+07
14300000 3.23833e+07
14400000 3.36576e+07
14500000 3.39169e+07
14600000 3.42536e+07
14700000 3.45676e+07
14800000 3.47692e+07
14900000 3.49911e+07
15000000 3.52136e+07
15100000 3.5396e+07
15200000 3.55047e+07
15300000 3.57786e+07
15400000 3.59651e+07
15500000 3.62298e+07
15600000 3.6426e+07
15700000 3.66768e+07
15800000 3.70024e+07
15900000 3.73524e+07
16000000 3.75265e+07
16100000 3.77701e+07
16200000 3.79779e+07
16300000 3.8318e+07
16400000 3.85296e+07
16500000 3.87006e+07
16600000 3.89046e+07
16700000 3.92085e+07
16800000 3.94688e+07
16900000 3.97077e+07
17000000 3.99142e+07
17100000 4.01592e+07
17200000 4.02169e+07
17300000 4.04372e+07
17400000 4.07133e+07
17500000 4.09417e+07
17600000 4.11573e+07
17700000 4.14134e+07
17800000 4.16531e+07
17900000 4.19037e+07
18000000 4.22214e+07
18100000 4.23779e+07
18200000 4.14338e+07
18300000 4.29542e+07
18400000 4.18888e+07
18500000 4.24692e+07
18600000 4.27313e+07
18700000 4.29277e+07
18800000 4.31786e+07
18900000 4.43776e+07
19000000 4.46852e+07
19100000 4.47879e+07
19200000 4.49293e+07
19300000 4.52226e+07
19400000 4.54944e+07
19500000 4.56091e+07
19600000 4.6092e+07
19700000 4.6286e+07
19800000 4.63956e+07
19900000 4.65988e+07
20000000 4.68935e+07
20100000 4.72114e+07
20200000 4.75e+07
20300000 4.7519e+07
20400000 4.78066e+07
20500000 4.81913e+07
20600000 4.84473e+07
20700000 4.85752e+07
20800000 4.87455e+07
20900000 4.90975e+07
21000000 4.94255e+07
21100000 4.94613e+07
21200000 4.82015e+07
21300000 4.8538e+07
21400000 4.87526e+07
21500000 4.88663e+07
21600000 4.90891e+07
21700000 4.9359e+07
21800000 4.89953e+07
21900000 4.82315e+07
22000000 4.86005e+07
22100000 4.85862e+07
22200000 4.89763e+07
22300000 4.92827e+07
22400000 4.82712e+07
22500000 4.84887e+07
22600000 4.84677e+07
22700000 4.7864e+07
22800000 4.77827e+07
22900000 4.7884e+07
23000000 4.81468e+07
23100000 4.84943e+07
23200000 4.76585e+07
23300000 4.77151e+07
23400000 4.80383e+07
23500000 4.82244e+07
23600000 4.8132e+07
23700000 4.77677e+07
23800000 4.80164e+07
23900000 4.81118e+07
24000000 4.82746e+07
24100000 4.85447e+07
24200000 4.88133e+07
24300000 4.82203e+07
24400000 4.78044e+07
24500000 4.77202e+07
24600000 4.77432e+07
24700000 4.81486e+07
24800000 4.77485e+07
24900000 4.76425e+07
25000000 4.77329e+07
25100000 4.80642e+07
25200000 4.81536e+07
25300000 4.84264e+07
25400000 5.71551e+07
25500000 5.25033e+07
25600000 5.26227e+07
25700000 4.81862e+07
25800000 4.80648e+07
25900000 4.82451e+07
26000000 4.83868e+07
26100000 4.86025e+07
26200000 4.72668e+07
26300000 4.69377e+07
26400000 4.71635e+07
26500000 4.73472e+07
26600000 4.74813e+07
26700000 4.77974e+07
26800000 5.41381e+07
26900000 5.80644e+07
27000000 5.12283e+07
27100000 5.09631e+07
27200000 5.12536e+07
27300000 5.13173e+07
27400000 5.14988e+07
27500000 5.01103e+07
27600000 5.00637e+07
27700000 5.02861e+07
27800000 5.06833e+07
27900000 5.0684e+07
28000000 5.87747e+07
28100000 5.88324e+07
28200000 5.49031e+07
28300000 5.50807e+07
28400000 5.3473e+07
28500000 5.30681e+07
28600000 5.33035e+07
28700000 5.34474e+07
28800000 5.37641e+07
28900000 5.38659e+07
29000000 5.27342e+07
29100000 5.295e+07
29200000 5.13461e+07
29300000 5.20682e+07
29400000 5.79327e+07
29500000 6.47262e+07
29600000 6.90863e+07
29700000 6.98006e+07
29800000 7.00049e+07
29900000 6.81305e+07
30000000 6.83727e+07
30100000 6.87059e+07
30200000 6.88282e+07
30300000 6.87094e+07
30400000 7.12469e+07
30500000 7.09705e+07
30600000 6.89371e+07
30700000 6.84704e+07
30800000 6.86277e+07
30900000 6.89413e+07
31000000 6.91487e+07
31100000 6.93036e+07
31200000 6.80085e+07
31300000 6.83053e+07
31400000 6.84864e+07
31500000 6.8815e+07
31600000 6.95844e+07
31700000 7.45306e+07
31800000 7.0145e+07
31900000 6.89266e+07
32000000 6.7881e+07
32100000 6.78938e+07
32200000 6.82375e+07
32300000 6.84595e+07
32400000 6.96069e+07
32500000 7.55131e+07
32600000 7.20446e+07
32700000 6.86409e+07
32800000 6.74589e+07
32900000 6.76808e+07
33000000 6.78513e+07
33100000 6.8155e+07
33200000 7.17891e+07
33300000 7.31243e+07
33400000 7.54548e+07
33500000 7.743e+07
33600000 7.89722e+07
33700000 7.93373e+07
33800000 7.94801e+07
33900000 7.97923e+07
34000000 7.99932e+07
34100000 8.01784e+07
34200000 7.69962e+07
34300000 6.99177e+07
34400000 6.75858e+07
34500000 6.77498e+07
34600000 6.79544e+07
34700000 6.81826e+07
34800000 7.82104e+07
34900000 8.20106e+07
35000000 7.14475e+07
35100000 6.72421e+07
35200000 6.7412e+07
35300000 6.75203e+07
35400000 6.78331e+07
35500000 6.73172e+07
35600000 6.74594e+07
35700000 6.71453e+07
35800000 6.73533e+07
35900000 6.75266e+07
36000000 6.72985e+07
36100000 6.73154e+07
36200000 6.75513e+07
36300000 6.66159e+07
36400000 6.68145e+07
36500000 6.69146e+07
36600000 6.71108e+07
36700000 7.17104e+07
36800000 7.63191e+07
36900000 8.18408e+07
37000000 8.61643e+07
37100000 6.9861e+07
37200000 6.7684e+07
37300000 6.73021e+07
37400000 6.69804e+07
37500000 6.70344e+07
37600000 6.72257e+07
37700000 6.74646e+07
37800000 8.89461e+07
37900000 6.95493e+07
38000000 6.79453e+07
38100000 6.66701e+07
38200000 6.67556e+07
38300000 6.70061e+07
38400000 6.71213e+07
38500000 8.0971e+07
38600000 6.7536e+07
38700000 6.70819e+07
38800000 6.68471e+07
38900000 6.69407e+07
39000000 6.7143e+07
39100000 6.73213e+07
39200000 6.63134e+07
39300000 6.64663e+07
39400000 6.67833e+07
39500000 6.69897e+07
39600000 8.56944e+07
39700000 6.86927e+07
39800000 6.70267e+07
39900000 6.70089e+07
40000000 6.73787e+07
40100000 6.64649e+07
40200000 6.65175e+07
40300000 6.62065e+07
40400000 6.65217e+07
40500000 6.65694e+07
40600000 6.63079e+07
40700000 6.64367e+07
40800000 6.66801e+07
40900000 6.66839e+07
41000000 6.69098e+07
41100000 6.68561e+07
41200000 6.72585e+07
41300000 6.74126e+07
41400000 6.75847e+07
41500000 6.78639e+07
41600000 6.7942e+07
41700000 6.8064e+07
41800000 6.82379e+07
41900000 6.83933e+07
42000000 6.86513e+07
42100000 6.87856e+07
42200000 6.92727e+07
42300000 6.89988e+07
42400000 6.92335e+07
42500000 6.93659e+07
42600000 6.97369e+07
42700000 6.96679e+07
42800000 6.99057e+07
42900000 7.01007e+07
43000000 7.03393e+07
43100000 7.05723e+07
43200000 7.04935e+07
43300000 7.07974e+07
43400000 7.10155e+07
43500000 7.10427e+07
43600000 7.13019e+07
43700000 7.13867e+07
43800000 7.15413e+07
43900000 7.16946e+07
44000000 7.18852e+07
44100000 7.20888e+07
44200000 7.2238e+07
44300000 7.24076e+07
44400000 7.264e+07
44500000 7.27444e+07
44600000 7.30149e+07
44700000 7.31858e+07
44800000 7.32318e+07
44900000 7.34436e+07
45000000 7.3649e+07
45100000 7.37692e+07
45200000 7.37667e+07
45300000 7.40837e+07
45400000 7.4265e+07
45500000 7.42769e+07
45600000 7.46046e+07
45700000 7.48129e+07
45800000 7.49789e+07
45900000 7.51073e+07
46000000 7.52908e+07
46100000 7.555e+07
46200000 7.5645e+07
46300000 7.5786e+07
46400000 7.58252e+07
46500000 7.6151e+07
46600000 7.62996e+07
46700000 7.71483e+07
46800000 7.7207e+07
46900000 7.74399e+07
47000000 7.75773e+07
47100000 7.77203e+07
47200000 7.79897e+07
47300000 7.8009e+07
47400000 7.80786e+07
47500000 7.8277e+07
47600000 7.85286e+07
47700000 7.87143e+07
47800000 7.89223e+07
47900000 7.90797e+07
48000000 7.91465e+07
48100000 7.92656e+07
48200000 7.95061e+07
48300000 7.98192e+07
48400000 7.99496e+07
48500000 7.99903e+07
48600000 8.0247e+07
48700000 8.03722e+07
48800000 8.04498e+07
48900000 8.06744e+07
49000000 8.07595e+07
49100000 8.10113e+07
49200000 8.11398e+07
49300000 8.14301e+07
49400000 8.14463e+07
49500000 8.18103e+07
49600000 8.17787e+07
49700000 8.19826e+07
49800000 8.20652e+07
49900000 8.22404e+07
50000000 8.25017e+07
50100000 8.26475e+07
50200000 8.29223e+07
50300000 8.29837e+07
50400000 8.31935e+07
50500000 8.34288e+07
50600000 8.35428e+07
50700000 8.36601e+07
50800000 8.36782e+07
50900000 8.41474e+07
51000000 8.40746e+07
51100000 8.43715e+07
51200000 8.45249e+07
51300000 8.46583e+07
51400000 8.49884e+07
51500000 8.50684e+07
51600000 8.52261e+07
51700000 8.55355e+07
51800000 8.55105e+07
51900000 8.55254e+07
52000000 8.58314e+07
52100000 8.59871e+07
52200000 8.62948e+07
52300000 8.63794e+07
52400000 8.66462e+07
52500000 8.67804e+07
52600000 8.69765e+07
52700000 8.69207e+07
52800000 8.70338e+07
52900000 8.73432e+07
53000000 8.76104e+07
53100000 8.77429e+07
53200000 8.791e+07
53300000 8.80285e+07
53400000 8.80655e+07
53500000 8.85001e+07
53600000 8.86687e+07
53700000 1.12976e+08
53800000 1.21719e+08
53900000 8.9568e+07
54000000 8.92363e+07
54100000 8.94945e+07
54200000 8.94923e+07
54300000 8.96766e+07
54400000 9.00015e+07
54500000 9.01788e+07
54600000 9.0163e+07
54700000 9.03523e+07
54800000 9.07282e+07
54900000 9.0841e+07
55000000 9.08146e+07
55100000 9.11816e+07
55200000 9.14595e+07
55300000 9.13122e+07
55400000 9.15251e+07
55500000 9.16889e+07
55600000 9.18048e+07
55700000 9.20848e+07
55800000 9.23041e+07
55900000 9.22246e+07
56000000 9.24349e+07
56100000 9.28293e+07
56200000 9.27711e+07
56300000 1.14407e+08
56400000 9.38099e+07
56500000 9.33518e+07
56600000 9.36535e+07
56700000 9.36757e+07
56800000 9.38825e+07
56900000 9.41074e+07
57000000 9.42552e+07
57100000 1.13667e+08
57200000 9.44349e+07
57300000 9.47042e+07
57400000 9.48158e+07
57500000 9.4974e+07
57600000 9.52528e+07
57700000 1.07699e+08
57800000 9.56937e+07
57900000 9.56218e+07
58000000 9.58991e+07
58100000 9.60522e+07
58200000 1.08794e+08
58300000 9.63861e+07
58400000 9.66282e+07
58500000 9.66909e+07
58600000 9.69607e+07
58700000 9.69329e+07
58800000 9.73838e+07
58900000 9.74869e+07
59000000 9.76536e+07
59100000 9.76978e+07
59200000 9.79208e+07
59300000 9.81137e+07
59400000 9.85595e+07
59500000 9.83328e+07
59600000 9.87042e+07
59700000 9.8685e+07
59800000 9.8901e+07
59900000 9.93377e+07
60000000 9.92315e+07
60100000 9.94375e+07
60200000 9.96849e+07
60300000 9.98592e+07
60400000 9.99545e+07
60500000 1.00185e+08
60600000 1.00093e+08
60700000 1.00361e+08
60800000 1.00547e+08
60900000 1.00796e+08
61000000 1.00788e+08
61100000 1.0111e+08
61200000 1.01456e+08
61300000 1.01263e+08
61400000 1.01663e+08
61500000 1.01808e+08
61600000 1.01874e+08
61700000 1.02152e+08
61800000 1.02327e+08
61900000 1.02417e+08
62000000 1.02657e+08
62100000 1.02651e+08
62200000 1.03023e+08
62300000 1.03074e+08
62400000 1.03358e+08
62500000 1.0342e+08
62600000 1.03781e+08
62700000 1.03716e+08
62800000 1.03953e+08
62900000 1.03987e+08
63000000 1.04483e+08
63100000 1.04434e+08
63200000 1.04501e+08
63300000 1.04687e+08
63400000 1.05034e+08
63500000 1.05234e+08
63600000 1.05195e+08
63700000 1.05475e+08
63800000 1.05646e+08
63900000 1.05672e+08
64000000 1.06072e+08
64100000 1.06152e+08
64200000 1.06274e+08
64300000 1.06276e+08
64400000 1.06408e+08
64500000 1.0675e+08
64600000 1.07007e+08
64700000 1.07198e+08
64800000 1.07128e+08
64900000 1.07333e+08
65000000 1.07475e+08
65100000 1.0774e+08
65200000 1.07834e+08
65300000 1.08023e+08
65400000 1.08164e+08
65500000 1.08533e+08
65600000 1.08679e+08
65700000 1.0879e+08
65800000 1.08881e+08
65900000 1.09068e+08
66000000 1.09253e+08
66100000 1.09405e+08
66200000 1.09563e+08
66300000 1.09703e+08
66400000 1.09971e+08
66500000 1.10035e+08
66600000 1.1023e+08
66700000 1.10462e+08
66800000 1.10541e+08
66900000 1.10693e+08
67000000 1.1096e+08
67100000 1.11166e+08
67200000 1.11265e+08
67300000 1.11482e+08
67400000 1.11579e+08
67500000 1.11793e+08
67600000 1.12093e+08
67700000 1.12127e+08
67800000 1.12327e+08
67900000 1.1239e+08
68000000 1.12495e+08
68100000 1.12806e+08
68200000 1.12937e+08
68300000 1.13075e+08
68400000 1.13311e+08
68500000 1.13358e+08
68600000 1.13569e+08
68700000 1.13905e+08
68800000 1.14077e+08
68900000 1.14033e+08
69000000 1.14287e+08
69100000 1.14421e+08
69200000 1.14693e+08
69300000 1.1488e+08
69400000 1.14912e+08
69500000 1.15322e+08
69600000 1.15486e+08
69700000 1.15439e+08
69800000 1.15665e+08
69900000 1.15676e+08
70000000 1.16066e+08
70100000 1.1605e+08
70200000 1.16318e+08
70300000 1.16451e+08
70400000 1.16588e+08
70500000 1.16524e+08
70600000 1.16441e+08
70700000 1.16601e+08
70800000 1.1675e+08
70900000 1.16999e+08
71000000 1.17127e+08
71100000 1.17394e+08
71200000 1.1753e+08
71300000 1.17592e+08
71400000 1.17993e+08
71500000 1.17943e+08
71600000 1.1809e+08
71700000 1.18229e+08
71800000 1.28722e+08
71900000 1.19414e+08
72000000 1.19675e+08
72100000 1.20023e+08
72200000 1.2009e+08
72300000 1.20039e+08
72400000 1.20444e+08
72500000 1.20698e+08
72600000 1.20752e+08
72700000 1.20932e+08
72800000 1.20972e+08
72900000 1.2115e+08
73000000 1.21478e+08
73100000 1.21333e+08
73200000 1.21571e+08
73300000 1.2176e+08
73400000 1.22055e+08
73500000 1.22126e+08
73600000 1.22308e+08
73700000 1.22443e+08
73800000 1.22603e+08
73900000 1.22817e+08
74000000 1.23127e+08
74100000 1.23042e+08
74200000 1.2338e+08
74300000 1.23616e+08
74400000 1.23768e+08
74500000 1.23838e+08
74600000 1.23952e+08
74700000 1.24285e+08
74800000 1.24347e+08
74900000 1.24442e+08
75000000 1.24612e+08
75100000 1.24842e+08
75200000 1.25088e+08
75300000 1.25202e+08
75400000 1.25413e+08
75500000 1.25776e+08
75600000 1.25805e+08
75700000 1.25776e+08
75800000 1.26042e+08
75900000 1.26338e+08
76000000 1.26404e+08
76100000 1.26753e+08
76200000 1.26966e+08
76300000 1.26922e+08
76400000 1.27015e+08
76500000 1.27055e+08
76600000 1.27444e+08
76700000 1.2749e+08
76800000 1.27674e+08
76900000 1.28011e+08
77000000 1.28004e+08
77100000 1.28469e+08
77200000 1.28397e+08
77300000 1.28699e+08
77400000 1.28795e+08
77500000 1.28918e+08
77600000 1.29135e+08
77700000 1.29251e+08
77800000 1.29442e+08
77900000 1.29756e+08
78000000 1.29728e+08
78100000 1.29881e+08
78200000 1.30221e+08
78300000 1.30136e+08
78400000 1.303e+08
78500000 1.30588e+08
78600000 1.30709e+08
78700000 1.31007e+08
78800000 1.30903e+08
78900000 1.31119e+08
79000000 1.31521e+08
79100000 1.3137e+08
79200000 1.31775e+08
79300000 1.31924e+08
79400000 1.32208e+08
79500000 1.32155e+08
79600000 1.32473e+08
79700000 1.32575e+08
79800000 1.32935e+08
79900000 1.32827e+08
