100000 152673
200000 249962
300000 351232
400000 456622
500000 562362
600000 600914
700000 663004
800000 731378
900000 785994
1000000 881257
1100000 983854
1200000 1.05293e+06
1300000 1.12556e+06
1400000 1.17927e+06
1500000 1.21412e+06
1600000 1.27467e+06
1700000 1.40556e+06
1800000 1.50501e+06
1900000 1.63694e+06
2000000 1.65775e+06
2100000 1.77942e+06
2200000 1.72124e+06
2300000 1.92532e+06
2400000 1.98566e+06
2500000 2.05438e+06
2600000 2.12597e+06
2700000 2.24225e+06
2800000 2.07876e+06
2900000 2.27746e+06
3000000 2.36231e+06
3100000 2.42489e+06
3200000 2.54984e+06
3300000 2.45541e+06
3400000 2.64678e+06
3500000 2.73799e+06
3600000 2.7764e+06
3700000 2.9063e+06
3800000 2.98271e+06
3900000 3.0522e+06
4000000 3.13168e+06
4100000 3.19524e+06
4200000 3.36544e+06
4300000 3.36139e+06
4400000 3.43773e+06
4500000 3.35106e+06
4600000 3.56596e+06
4700000 3.655e+06
4800000 3.77813e+06
4900000 3.82751e+06
5000000 3.89994e+06
5100000 4.08132e+06
5200000 4.18314e+06
5300000 4.32297e+06
5400000 4.3648e+06
5500000 4.47599e+06
5600000 4.44274e+06
5700000 4.58306e+06
5800000 4.71471e+06
5900000 4.77889e+06
6000000 4.69536e+06
6100000 4.87115e+06
6200000 4.9396e+06
6300000 5.06363e+06
6400000 5.1436e+06
6500000 5.18236e+06
6600000 5.22888e+06
6700000 5.31248e+06
6800000 5.42157e+06
6900000 5.48659e+06
7000000 5.41892e+06
7100000 5.66434e+06
7200000 5.68075e+06
7300000 5.75576e+06
7400000 5.87065e+06
7500000 5.91849e+06
7600000 5.98833e+06
7700000 6.05328e+06
7800000 6.11893e+06
7900000 6.27112e+06
8000000 6.31658e+06
8100000 6.3916e+06
8200000 6.42875e+06
8300000 6.50865e+06
8400000 6.67368e+06
8500000 6.6996e+06
8600000 6.7922e+06
8700000 6.89019e+06
8800000 6.95242e+06
8900000 7.00257e+06
9000000 7.10153e+06
9100000 7.1493e+06
9200000 7.1067e+06
9300000 7.25714e+06
9400000 7.26342e+06
9500000 7.47951e+06
9600000 7.562e+06
9700000 7.46855e+06
9800000 7.68443e+06
9900000 7.60551e+06
10000000 7.8737e+06
10100000 7.9302e+06
10200000 7.8165e+06
10300000 8.05528e+06
10400000 8.08099e+06
10500000 8.22828e+06
10600000 8.32746e+06
10700000 8.32739e+06
10800000 8.43976e+06
10900000 8.49431e+06
11000000 8.42551e+06
11100000 8.67729e+06
11200000 8.70097e+06
11300000 8.78226e+06
11400000 8.69196e+06
11500000 8.92069e+06
11600000 9.07322e+06
11700000 8.95379e+06
11800000 9.16227e+06
11900000 9.27017e+06
12000000 9.19216e+06
12100000 9.31068e+06
12200000 9.46363e+06
12300000 9.55149e+06
12400000 9.48333e+06
12500000 9.55142e+06
12600000 9.84567e+06
12700000 9.87772e+06
12800000 9.96349e+06
12900000 9.88548e+06
13000000 1.00768e+07
13100000 9.95853e+06
13200000 9.93129e+06
13300000 9.9197e+06
13400000 9.93388e+06
13500000 1.01465e+07
13600000 1.01738e+07
13700000 1.02783e+07
13800000 1.04022e+07
13900000 1.03346e+07
14000000 1.0352e+07
14100000 1.04266e+07
14200000 1.08463e+07
14300000 1.09817e+07
14400000 1.10685e+07
14500000 1.12404e+07
14600000 1.12359e+07
14700000 1.12875e+07
14800000 1.13578e+07
14900000 1.13755e+07
15000000 1.14151e+07
15100000 1.16465e+07
15200000 1.16923e+07
15300000 1.18166e+07
15400000 1.19103e+07
15500000 1.19728e+07
15600000 1.20271e+07
15700000 1.20788e+07
15800000 1.22143e+07
15900000 1.23166e+07
16000000 1.22241e+07
16100000 1.2213e+07
16200000 1.23861e+07
16300000 1.24382e+07
16400000 1.2519e+07
16500000 1.26326e+07
16600000 1.26638e+07
16700000 1.26953e+07
16800000 1.28775e+07
16900000 1.29683e+07
17000000 1.31009e+07
17100000 1.32934e+07
17200000 1.33462e+07
17300000 1.33988e+07
17400000 1.35586e+07
17500000 1.36148e+07
17600000 1.36772e+07
17700000 1.37297e+07
17800000 1.37726e+07
17900000 1.39086e+07
18000000 1.38411e+07
18100000 1.38157e+07
18200000 1.3902e+07
18300000 1.3999e+07
18400000 1.33057e+07
18500000 1.36963e+07
18600000 1.37806e+07
18700000 1.3758e+07
18800000 1.46002e+07
18900000 1.45265e+07
19000000 1.4644e+07
19100000 1.45009e+07
19200000 1.49617e+07
19300000 1.49826e+07
19400000 1.51378e+07
19500000 1.49548e+07
19600000 1.50934e+07
19700000 1.51466e+07
19800000 1.54073e+07
19900000 1.53981e+07
20000000 1.54124e+07
20100000 1.53811e+07
20200000 1.55255e+07
20300000 1.57478e+07
20400000 1.58306e+07
20500000 1.5864e+07
20600000 1.58686e+07
20700000 1.61284e+07
20800000 1.61876e+07
20900000 1.60557e+07
21000000 1.6049e+07
21100000 1.60969e+07
21200000 1.58253e+07
21300000 1.58669e+07
21400000 1.60187e+07
21500000 1.62581e+07
21600000 1.61683e+07
21700000 1.61948e+07
21800000 1.60041e+07
21900000 1.57927e+07
22000000 1.5875e+07
22100000 1.61046e+07
22200000 1.6019e+07
22300000 1.61615e+07
22400000 1.61331e+07
22500000 1.58918e+07
22600000 1.57739e+07
22700000 1.57623e+07
22800000 1.56311e+07
22900000 1.58027e+07
23000000 1.58165e+07
23100000 1.56855e+07
23200000 1.58576e+07
23300000 1.57675e+07
23400000 1.59022e+07
23500000 1.59022e+07
23600000 1.56961e+07
23700000 1.58864e+07
23800000 1.5715e+07
23900000 1.59316e+07
24000000 1.5878e+07
24100000 1.61708e+07
24200000 1.58577e+07
24300000 1.59475e+07
24400000 1.57596e+07
24500000 1.57883e+07
24600000 1.58764e+07
24700000 1.58344e+07
24800000 1.58128e+07
24900000 1.58587e+07
25000000 1.59139e+07
25100000 1.59577e+07
25200000 1.61544e+07
25300000 1.86464e+07
25400000 1.7337e+07
25500000 1.72942e+07
25600000 1.60046e+07
25700000 1.62077e+07
25800000 1.605e+07
25900000 1.63042e+07
26000000 1.6194e+07
26100000 1.6216e+07
26200000 1.57684e+07
26300000 1.59047e+07
26400000 1.61262e+07
26500000 1.60051e+07
26600000 1.61905e+07
26700000 1.60816e+07
26800000 1.82432e+07
26900000 1.90299e+07
27000000 1.70135e+07
27100000 1.70564e+07
27200000 1.71349e+07
27300000 1.7285e+07
27400000 1.69165e+07
27500000 1.68366e+07
27600000 1.68998e+07
27700000 1.70711e+07
27800000 1.7049e+07
27900000 1.70501e+07
28000000 1.92812e+07
28100000 1.83083e+07
28200000 1.82863e+07
28300000 1.82826e+07
28400000 1.78802e+07
28500000 1.78952e+07
28600000 1.78681e+07
28700000 1.81546e+07
28800000 1.79879e+07
28900000 1.78196e+07
29000000 1.78224e+07
29100000 1.80543e+07
29200000 1.61054e+07
29300000 1.6855e+07
29400000 2.0137e+07
29500000 2.13833e+07
29600000 2.24795e+07
29700000 2.27018e+07
29800000 2.26473e+07
29900000 2.2429e+07
30000000 2.25859e+07
30100000 2.25108e+07
30200000 2.26058e+07
30300000 2.33468e+07
30400000 2.31036e+07
30500000 2.27516e+07
30600000 2.27472e+07
30700000 2.23736e+07
30800000 2.24699e+07
30900000 2.25752e+07
31000000 2.27904e+07
31100000 2.24181e+07
31200000 2.24341e+07
31300000 2.25494e+07
31400000 2.2565e+07
31500000 2.27718e+07
31600000 2.40399e+07
31700000 2.3243e+07
31800000 2.26301e+07
31900000 2.22954e+07
32000000 2.23648e+07
32100000 2.23048e+07
32200000 2.23755e+07
32300000 2.24424e+07
32400000 2.41763e+07
32500000 2.39843e+07
32600000 2.28001e+07
32700000 2.23418e+07
32800000 2.23191e+07
32900000 2.23341e+07
33000000 2.23329e+07
33100000 2.24628e+07
33200000 2.33207e+07
33300000 2.43595e+07
33400000 2.52525e+07
33500000 2.59572e+07
33600000 2.61489e+07
33700000 2.63586e+07
33800000 2.61624e+07
33900000 2.63892e+07
34000000 2.65385e+07
34100000 2.5597e+07
34200000 2.3458e+07
34300000 2.27099e+07
34400000 2.24879e+07
34500000 2.26779e+07
34600000 2.26632e+07
34700000 2.27918e+07
34800000 2.58919e+07
34900000 2.38837e+07
35000000 2.2672e+07
35100000 2.25439e+07
35200000 2.26403e+07
35300000 2.28252e+07
35400000 2.27613e+07
35500000 2.26588e+07
35600000 2.26897e+07
35700000 2.26676e+07
35800000 2.27196e+07
35900000 2.27051e+07
36000000 2.26154e+07
36100000 2.27184e+07
36200000 2.26976e+07
36300000 2.25457e+07
36400000 2.25332e+07
36500000 2.2642e+07
36600000 2.2725e+07
36700000 2.44239e+07
36800000 2.63465e+07
36900000 2.74188e+07
37000000 2.34702e+07
37100000 2.30063e+07
37200000 2.27794e+07
37300000 2.29455e+07
37400000 2.27701e+07
37500000 2.30476e+07
37600000 2.28867e+07
37700000 2.85073e+07
37800000 2.38416e+07
37900000 2.30399e+07
38000000 2.27794e+07
38100000 2.27549e+07
38200000 2.27785e+07
38300000 2.29637e+07
38400000 2.59906e+07
38500000 2.2901e+07
38600000 2.28183e+07
38700000 2.27713e+07
38800000 2.25893e+07
38900000 2.2803e+07
39000000 2.28563e+07
39100000 2.25144e+07
39200000 2.26792e+07
39300000 2.26706e+07
39400000 2.25589e+07
39500000 2.71337e+07
39600000 2.33977e+07
39700000 2.28547e+07
39800000 2.28088e+07
39900000 2.27981e+07
40000000 2.27077e+07
40100000 2.28e+07
40200000 2.2646e+07
40300000 2.27362e+07
40400000 2.26401e+07
40500000 2.27785e+07
40600000 2.28081e+07
40700000 2.28994e+07
40800000 2.28456e+07
40900000 2.30313e+07
41000000 2.30655e+07
41100000 2.31097e+07
41200000 2.31507e+07
41300000 2.31282e+07
41400000 2.31958e+07
41500000 2.30483e+07
41600000 2.33966e+07
41700000 2.33602e+07
41800000 2.35484e+07
41900000 2.33138e+07
42000000 2.36921e+07
42100000 2.35621e+07
42200000 2.36298e+07
42300000 2.38214e+07
42400000 2.39202e+07
42500000 2.39289e+07
42600000 2.38817e+07
42700000 2.39366e+07
42800000 2.39137e+07
42900000 2.4085e+07
43000000 2.40481e+07
43100000 2.4252e+07
43200000 2.42503e+07
43300000 2.43294e+07
43400000 2.43303e+07
43500000 2.43133e+07
43600000 2.4587e+07
43700000 2.46031e+07
43800000 2.44563e+07
43900000 2.46709e+07
44000000 2.47441e+07
44100000 2.48189e+07
44200000 2.48211e+07
44300000 2.48359e+07
44400000 2.49698e+07
44500000 2.49916e+07
44600000 2.4979e+07
44700000 2.51608e+07
44800000 2.52439e+07
44900000 2.52524e+07
45000000 2.51615e+07
45100000 2.54248e+07
45200000 2.55262e+07
45300000 2.5469e+07
45400000 2.55542e+07
45500000 2.56582e+07
45600000 2.56113e+07
45700000 2.5689e+07
45800000 2.58468e+07
45900000 2.59096e+07
46000000 2.58491e+07
46100000 2.58909e+07
46200000 2.60269e+07
46300000 2.61367e+07
46400000 2.61543e+07
46500000 2.60178e+07
46600000 2.62526e+07
46700000 2.65258e+07
46800000 2.65743e+07
46900000 2.67056e+07
47000000 2.65732e+07
47100000 2.6621e+07
47200000 2.67528e+07
47300000 2.68601e+07
47400000 2.69259e+07
47500000 2.68947e+07
47600000 2.68299e+07
47700000 2.6703e+07
47800000 2.71386e+07
47900000 2.72473e+07
48000000 2.71657e+07
48100000 2.71876e+07
48200000 2.73051e+07
48300000 2.73543e+07
48400000 2.73007e+07
48500000 2.74536e+07
48600000 2.7355e+07
48700000 2.74446e+07
48800000 2.76729e+07
48900000 2.7764e+07
49000000 2.78098e+07
49100000 2.78443e+07
49200000 2.79675e+07
49300000 2.80023e+07
49400000 2.80412e+07
49500000 2.81693e+07
49600000 2.81808e+07
49700000 2.81178e+07
49800000 2.8136e+07
49900000 2.83233e+07
50000000 2.83435e+07
50100000 2.8416e+07
50200000 2.84823e+07
50300000 2.84881e+07
50400000 2.86001e+07
50500000 2.86384e+07
50600000 2.87912e+07
50700000 2.89095e+07
50800000 2.87496e+07
50900000 2.88331e+07
51000000 2.90549e+07
51100000 2.89947e+07
51200000 2.90934e+07
51300000 2.9093e+07
51400000 2.91594e+07
51500000 2.91596e+07
51600000 2.91529e+07
51700000 2.91168e+07
51800000 2.91441e+07
51900000 2.93657e+07
52000000 2.94443e+07
52100000 2.94716e+07
52200000 2.9544e+07
52300000 2.95309e+07
52400000 2.94911e+07
52500000 2.96658e+07
52600000 2.9609e+07
52700000 3.00043e+07
52800000 2.99288e+07
52900000 2.99706e+07
53000000 2.99504e+07
53100000 3.00634e+07
53200000 3.01506e+07
53300000 3.02819e+07
53400000 3.03278e+07
53500000 3.02497e+07
53600000 3.57108e+07
53700000 3.75033e+07
53800000 3.08863e+07
53900000 3.06403e+07
54000000 3.04485e+07
54100000 3.06955e+07
54200000 3.09699e+07
54300000 3.08974e+07
54400000 3.08313e+07
54500000 3.08548e+07
54600000 3.11288e+07
54700000 3.09871e+07
54800000 3.1117e+07
54900000 3.10799e+07
55000000 3.12551e+07
55100000 3.12203e+07
55200000 3.12815e+07
55300000 3.15671e+07
55400000 3.13643e+07
55500000 3.13346e+07
55600000 3.17054e+07
55700000 3.15464e+07
55800000 3.14794e+07
55900000 3.18297e+07
56000000 3.16381e+07
56100000 3.186e+07
56200000 3.20794e+07
56300000 3.21705e+07
56400000 3.20025e+07
56500000 3.19492e+07
56600000 3.21368e+07
56700000 3.22357e+07
56800000 3.21428e+07
56900000 3.22381e+07
57000000 3.21879e+07
57100000 3.22443e+07
57200000 3.25399e+07
57300000 3.26247e+07
57400000 3.24879e+07
57500000 3.248e+07
57600000 3.2593e+07
57700000 3.26331e+07
57800000 3.282e+07
57900000 3.27564e+07
58000000 3.27765e+07
58100000 3.2942e+07
58200000 3.30465e+07
58300000 3.33224e+07
58400000 3.30532e+07
58500000 3.32088e+07
58600000 3.31277e+07
58700000 3.34834e+07
58800000 3.33237e+07
58900000 3.34023e+07
59000000 3.34554e+07
59100000 3.35773e+07
59200000 3.3451e+07
59300000 3.35464e+07
59400000 3.38701e+07
59500000 3.36886e+07
59600000 3.38892e+07
59700000 3.37711e+07
59800000 3.383e+07
59900000 3.40041e+07
60000000 3.40796e+07
60100000 3.42347e+07
60200000 3.40897e+07
60300000 3.42953e+07
60400000 3.43073e+07
60500000 3.43573e+07
60600000 3.45524e+07
60700000 3.45492e+07
60800000 3.44874e+07
60900000 3.46992e+07
61000000 3.46117e+07
61100000 3.46855e+07
61200000 3.46931e+07
61300000 3.46036e+07
61400000 3.48301e+07
61500000 3.49063e+07
61600000 3.48256e+07
61700000 3.50766e+07
61800000 3.53203e+07
61900000 3.50844e+07
62000000 3.5136e+07
62100000 3.51846e+07
62200000 3.52136e+07
62300000 3.52921e+07
62400000 3.55589e+07
62500000 3.54878e+07
62600000 3.5419e+07
62700000 3.54713e+07
62800000 3.55406e+07
62900000 3.5747e+07
63000000 3.57105e+07
63100000 3.57066e+07
63200000 3.58196e+07
63300000 3.60148e+07
63400000 3.59666e+07
63500000 3.59351e+07
63600000 3.61202e+07
63700000 3.61356e+07
63800000 3.60261e+07
63900000 3.6226e+07
64000000 3.61556e+07
64100000 3.63795e+07
64200000 3.63899e+07
64300000 3.655e+07
64400000 3.64282e+07
64500000 3.66072e+07
64600000 3.68077e+07
64700000 3.6669e+07
64800000 3.66957e+07
64900000 3.68379e+07
65000000 3.68388e+07
65100000 3.69009e+07
65200000 3.71172e+07
65300000 3.69606e+07
65400000 3.70953e+07
65500000 3.73471e+07
65600000 3.73462e+07
65700000 3.7207e+07
65800000 3.72969e+07
65900000 3.73856e+07
66000000 3.73631e+07
66100000 3.76069e+07
66200000 3.74136e+07
66300000 3.75647e+07
66400000 3.76646e+07
66500000 3.7776e+07
66600000 3.78258e+07
66700000 3.78026e+07
66800000 3.78624e+07
66900000 3.80509e+07
67000000 3.80564e+07
67100000 3.7978e+07
67200000 3.84072e+07
67300000 3.84314e+07
67400000 3.86723e+07
67500000 3.83769e+07
67600000 3.86432e+07
67700000 3.87769e+07
67800000 3.89054e+07
67900000 3.90117e+07
68000000 3.8948e+07
68100000 3.89477e+07
68200000 3.90444e+07
68300000 3.93327e+07
68400000 3.91298e+07
68500000 3.9206e+07
68600000 3.92288e+07
68700000 3.94375e+07
68800000 3.92923e+07
68900000 3.94575e+07
69000000 3.9618e+07
69100000 3.95698e+07
69200000 3.96485e+07
69300000 3.98225e+07
69400000 3.96421e+07
69500000 3.98108e+07
69600000 3.98041e+07
69700000 3.99682e+07
69800000 3.97873e+07
69900000 4.00585e+07
70000000 4.01342e+07
70100000 4.01368e+07
70200000 4.00004e+07
70300000 4.02631e+07
70400000 4.04185e+07
70500000 4.03302e+07
70600000 4.03433e+07
70700000 4.03119e+07
70800000 4.06248e+07
70900000 4.05816e+07
71000000 4.0508e+07
71100000 4.06503e+07
71200000 4.06612e+07
71300000 4.08962e+07
71400000 4.08524e+07
71500000 4.07776e+07
71600000 4.12833e+07
71700000 4.09109e+07
71800000 4.13398e+07
71900000 4.14952e+07
72000000 4.13262e+07
72100000 4.13421e+07
72200000 4.1415e+07
72300000 4.15175e+07
72400000 4.16464e+07
72500000 4.15584e+07
72600000 4.17589e+07
72700000 4.17115e+07
72800000 4.18712e+07
72900000 4.19542e+07
73000000 4.21149e+07
73100000 4.19583e+07
73200000 4.22042e+07
73300000 4.2029e+07
73400000 4.22198e+07
73500000 4.23457e+07
73600000 4.22445e+07
73700000 4.22727e+07
73800000 4.2129e+07
73900000 4.23493e+07
74000000 4.25317e+07
74100000 4.25227e+07
74200000 4.26192e+07
74300000 4.26217e+07
74400000 4.28739e+07
74500000 4.2669e+07
74600000 4.28877e+07
74700000 4.27185e+07
74800000 4.30757e+07
74900000 4.29866e+07
75000000 4.31593e+07
75100000 4.31491e+07
75200000 4.32885e+07
75300000 4.33596e+07
75400000 4.33687e+07
75500000 4.33963e+07
75600000 4.34988e+07
75700000 4.33684e+07
75800000 4.33993e+07
75900000 4.34938e+07
76000000 4.3768e+07
76100000 4.35641e+07
76200000 4.37684e+07
76300000 4.39853e+07
76400000 4.38423e+07
76500000 4.41389e+07
76600000 4.39479e+07
76700000 4.40797e+07
76800000 4.41499e+07
76900000 4.44439e+07
77000000 4.421e+07
77100000 4.4171e+07
77200000 4.44024e+07
77300000 4.45909e+07
77400000 4.44162e+07
77500000 4.4475e+07
77600000 4.46454e+07
77700000 4.45684e+07
77800000 4.46481e+07
77900000 4.46865e+07
78000000 4.48264e+07
78100000 4.48521e+07
78200000 4.49805e+07
78300000 4.51189e+07
78400000 4.53092e+07
78500000 4.50481e+07
78600000 4.52362e+07
78700000 4.53211e+07
78800000 4.53757e+07
78900000 4.53526e+07
79000000 4.53641e+07
79100000 4.54145e+07
79200000 4.56604e+07
79300000 4.56395e+07
79400000 4.56263e+07
79500000 4.56455e+07
79600000 4.55738e+07
79700000 4.58004e+07
79800000 4.59625e+07
79900000 4.59042e+07
