0	489364
1	488418
2	486846
3	488341
4	488810
5	488439
6	487581
7	488587
8	488184
9	487216
10	487977
11	487883
12	488742
13	488629
14	487966
15	488414
16	487739
17	488057
18	487938
19	489222
20	488296
21	487391
22	489118
23	488626
24	488117
25	488317
26	489215
27	489877
28	488803
29	489139
30	487793
31	488722
32	486767
33	487209
34	487822
35	488644
36	486458
37	488697
38	488593
39	488082
40	488325
41	488081
42	489406
43	488714
44	488884
45	488725
46	488723
47	488884
48	487793
49	487821
50	488736
51	488769
52	488449
53	488278
54	487954
55	487606
56	488806
57	489114
58	487979
59	487618
60	489779
61	489169
62	487601
63	487624
64	488237
65	487814
66	489939
67	487675
68	488610
69	488227
70	489276
71	488320
72	487620
73	487488
74	487794
75	488272
76	488570
77	487540
78	488810
79	486874
80	487636
81	488186
82	488549
83	488434
84	488263
85	489411
86	487659
87	488999
88	489164
89	487911
90	489023
91	488650
92	489395
93	488693
94	487960
95	487877
96	489322
97	487786
98	488353
99	488294
100	488639
101	488985
102	488551
103	488335
104	488399
105	487270
106	488598
107	488046
108	488674
109	488408
110	488190
111	487101
112	487523
113	489846
114	487843
115	487202
116	489136
117	488359
118	488480
119	489044
120	488903
121	488280
122	488800
123	488675
124	487461
125	488752
126	487512
127	488651
128	488398
129	488007
130	488533
131	490102
132	488371
133	488119
134	486556
135	488651
136	488164
137	488512
138	488881
139	489669
140	487681
141	488276
142	488975
143	488011
144	487875
145	488497
146	487885
147	488908
148	489066
149	489056
150	489051
151	489487
152	488589
153	486465
154	486869
155	488675
156	489260
157	488997
158	488026
159	488821
160	487175
161	489253
162	488468
163	488866
164	487684
165	488218
166	488053
167	488507
168	488877
169	488718
170	489023
171	488997
172	488906
173	488295
174	486895
175	488393
176	489133
177	489673
178	489151
179	487527
180	489460
181	488013
182	488109
183	487962
184	489456
185	488463
186	488733
187	488652
188	488417
189	488365
190	489098
191	488364
192	487710
193	488489
194	487687
195	487255
196	488373
197	488391
198	487910
199	488032
200	488088
201	488291
202	487304
203	488076
204	488570
205	488355
206	487821
207	487936
208	487496
209	488398
210	488489
211	488506
212	488918
213	487674
214	487094
215	488251
216	488201
217	487867
218	487459
219	488075
220	487627
221	486200
222	489736
223	487948
224	487763
225	487785
226	487273
227	488009
228	487806
229	488740
230	487712
231	487753
232	489031
233	488193
234	487654
235	487798
236	486359
237	489368
238	487308
239	487425
240	488307
241	487693
242	488626
243	489847
244	489333
245	489223
246	488143
247	488575
248	488174
249	489084
250	488374
251	488581
252	488568
253	487771
254	487573
255	487794
256	488712
257	488275
258	489126
259	488773
260	488152
261	488558
262	487926
263	487936
264	487546
265	488842
266	488807
267	488721
268	487484
269	488683
270	488421
271	487701
272	488579
273	488467
274	487693
275	488662
276	486820
277	487237
278	488103
279	488578
280	487495
281	488090
282	487839
283	489017
284	487912
285	489302
286	487935
287	488504
288	489011
289	488641
290	488445
291	487477
292	488888
293	487877
294	487119
295	488450
296	488489
297	488755
298	488389
299	488390
300	489658
301	487646
302	488947
303	488704
304	488309
305	488237
306	488115
307	488799
308	487781
309	488002
310	488364
311	488398
312	487659
313	488146
314	487788
315	487710
316	488158
317	487876
318	487456
319	488082
320	487488
321	488193
322	488167
323	487014
324	488140
325	489033
326	488411
327	487705
328	487389
329	486826
330	488449
331	488336
332	488765
333	488745
334	487685
335	488071
336	488309
337	487903
338	488210
339	487829
340	489224
341	488019
342	488229
343	488707
344	489748
345	488824
346	488511
347	489069
348	488346
349	488161
350	488827
351	486733
352	488399
353	486787
354	489304
355	487303
356	488145
357	487778
358	488649
359	488874
360	488794
361	488661
362	487356
363	488918
364	486978
365	488583
366	488367
367	487791
368	488396
369	488715
370	488580
371	488737
372	487957
373	488635
374	488485
375	487458
376	488354
377	489181
378	488385
379	486915
380	487860
381	488612
382	488457
383	488083
384	486981
385	487888
386	489882
387	488694
388	486281
389	487586
390	488295
391	486848
392	486919
393	488470
394	487998
395	488553
396	487980
397	488221
398	488380
399	488471
400	487644
401	489828
402	488888
403	488226
404	489341
405	489805
406	487881
407	487737
408	487909
409	488128
410	488611
411	488342
412	487095
413	487786
414	487282
415	488275
416	487262
417	488621
418	487833
419	488114
420	488221
421	489020
422	488357
423	488748
424	487825
425	487955
426	488284
427	487523
428	489040
429	489060
430	487834
431	488344
432	488221
433	488582
434	487778
435	487986
436	488369
437	488084
438	488130
439	488869
440	489109
441	487364
442	488511
443	487714
444	489057
445	487752
446	487929
447	489209
448	488190
449	488139
450	487578
451	488333
452	487828
453	487568
454	488905
455	487420
456	489401
457	488397
458	488065
459	489332
460	488461
461	488370
462	487650
463	488055
464	488214
465	488638
466	488876
467	488828
468	488756
469	487996
470	488675
471	487401
472	488903
473	488425
474	489381
475	488699
476	488072
477	488641
478	487713
479	488506
480	488743
481	489045
482	488273
483	489358
484	489044
485	487034
486	489076
487	487062
488	488444
489	488713
490	487786
491	487895
492	487373
493	487442
494	488123
495	488930
496	487889
497	488704
498	488523
499	489151
500	488120
501	487418
502	487741
503	488456
504	488715
505	488950
506	488780
507	488344
508	488119
509	487886
510	487669
511	488743
512	487105
513	488672
514	489457
515	486932
516	487531
517	488582
518	488411
519	488063
520	488110
521	487647
522	488388
523	488721
524	489159
525	488930
526	488270
527	488199
528	489381
529	490292
530	487933
531	488439
532	487656
533	488395
534	487014
535	486650
536	486718
537	488505
538	488115
539	488893
540	488171
541	489155
542	489005
543	489438
544	486569
545	488327
546	488874
547	489093
548	488448
549	488567
550	488492
551	487630
552	488002
553	487239
554	488665
555	488251
556	488945
557	487330
558	488141
559	487917
560	488095
561	488315
562	487535
563	489180
564	488705
565	488013
566	487952
567	489057
568	488828
569	489558
570	488642
571	488012
572	489267
573	488590
574	488929
575	487415
576	488532
577	488440
578	489410
579	488426
580	487531
581	488389
582	488376
583	487709
584	488910
585	487723
586	488730
587	487264
588	488646
589	488647
590	488778
591	488586
592	488109
593	487647
594	488698
595	488312
596	488391
597	487920
598	488050
599	488547
600	489527
601	487714
602	488068
603	488596
604	487852
605	488804
606	488431
607	489483
608	488828
609	487971
610	487805
611	487725
612	487533
613	487980
614	488715
615	487915
616	487079
617	488437
618	489383
619	488047
620	488117
621	489166
622	487669
623	488269
624	486996
625	488096
626	488480
627	488252
628	489923
629	487543
630	487506
631	489252
632	487526
633	486788
634	489008
635	488246
636	487329
637	488384
638	488946
639	487681
640	488592
641	488384
642	488922
643	488103
644	487800
645	488425
646	488561
647	488617
648	488661
649	486834
650	487704
651	487653
652	487289
653	488152
654	487998
655	487925
656	488682
657	489302
658	489547
659	488597
660	488059
661	489344
662	488404
663	488408
664	487910
665	486638
666	487897
667	487836
668	486798
669	488406
670	488555
671	488909
672	487248
673	487355
674	487019
675	488275
676	488513
677	487791
678	489808
679	488746
680	488911
681	489046
682	488619
683	488328
684	488956
685	488827
686	488344
687	488357
688	488829
689	488003
690	488020
691	487606
692	486649
693	488848
694	486497
695	489893
696	488621
697	488472
698	488168
699	487505
700	487954
701	489002
702	488136
703	489101
704	488061
705	489406
706	489021
707	486876
708	487061
709	488326
710	488526
711	486831
712	488660
713	487846
714	488782
715	487827
716	487215
717	489304
718	488073
719	488595
720	488237
721	488617
722	488190
723	487968
724	487467
725	487732
726	488137
727	488045
728	488301
729	487637
730	488913
731	487839
732	488462
733	488594
734	489157
735	489248
736	488419
737	489133
738	488626
739	488309
740	488379
741	488473
742	488880
743	488621
744	487848
745	487876
746	488626
747	487847
748	488396
749	487213
750	487877
751	488687
752	488958
753	489123
754	488199
755	487731
756	488890
757	489914
758	488116
759	487792
760	488194
761	487322
762	488023
763	488577
764	488836
765	488382
766	489155
767	488087
768	487201
769	488034
770	488484
771	487517
772	489519
773	488718
774	487794
775	488086
776	487192
777	487687
778	488441
779	487429
780	489545
781	488909
782	488310
783	489332
784	489336
785	487867
786	488456
787	487866
788	488206
789	488177
790	488176
791	487679
792	487846
793	488111
794	488907
795	488152
796	486855
797	487983
798	487565
799	488618
800	488712
801	487288
802	488691
803	488131
804	488075
805	488352
806	487703
807	489279
808	488665
809	488457
810	487505
811	488293
812	489740
813	487819
814	487294
815	489152
816	487679
817	488114
818	488874
819	486780
820	488486
821	488229
822	489382
823	488897
824	487299
825	488580
826	488017
827	488250
828	488974
829	487819
830	489200
831	489354
832	489533
833	487729
834	487928
835	488744
836	488670
837	488461
838	488510
839	486941
840	489294
841	488868
842	489488
843	488528
844	487261
845	487652
846	488305
847	488355
848	489289
849	487621
850	488662
851	489329
852	487097
853	487258
854	487704
855	489608
856	487668
857	488578
858	488812
859	489184
860	489468
861	488346
862	488363
863	489446
864	489054
865	488948
866	487979
867	488453
868	487430
869	487501
870	488364
871	487805
872	489514
873	488582
874	487660
875	487213
876	487910
877	488076
878	488180
879	487860
880	488337
881	487769
882	487146
883	488179
884	488311
885	489898
886	489304
887	488477
888	486863
889	488024
890	487173
891	487960
892	487470
893	489383
894	488092
895	488938
896	487918
897	488001
898	488115
899	488699
900	486860
901	488746
902	488403
903	487716
904	488940
905	486969
906	487960
907	489139
908	488136
909	488732
910	487756
911	488428
912	488837
913	488981
914	489359
915	487943
916	488550
917	487248
918	487871
919	488388
920	489215
921	488676
922	488607
923	488587
924	488086
925	488312
926	487927
927	488286
928	488790
929	487923
930	488975
931	489310
932	489984
933	488299
934	486942
935	488324
936	489060
937	489809
938	487458
939	489101
940	488522
941	488332
942	487765
943	487954
944	490033
945	488437
946	488071
947	489428
948	488865
949	488680
950	488241
951	489333
952	489456
953	488284
954	488860
955	489461
956	487393
957	489238
958	488069
959	488781
960	488735
961	488103
962	488501
963	487206
964	487961
965	487076
966	486825
967	488366
968	487848
969	489828
970	487333
971	489077
972	488548
973	488464
974	488266
975	489402
976	488340
977	489094
978	488310
979	487229
980	488768
981	487608
982	487584
983	487872
984	489456
985	487783
986	488293
987	487044
988	488188
989	488870
990	488420
991	488478
992	488589
993	488044
994	487267
995	488315
996	488724
997	487810
998	488079
999	487997
1000	487330
1001	487367
1002	488675
1003	488488
1004	488805
1005	488048
1006	489148
1007	487379
1008	488957
1009	487839
1010	487602
1011	487016
1012	487883
1013	488366
1014	488522
1015	488429
1016	488681
1017	488457
1018	489534
1019	488646
1020	487830
1021	488477
1022	487005
1023	488789
1024	486155
1025	488252
1026	488842
1027	489433
1028	488943
1029	488694
1030	489166
1031	489527
1032	489200
1033	488936
1034	488140
1035	488196
1036	488618
1037	487603
1038	487476
1039	487467
1040	487650
1041	489212
1042	489701
1043	487725
1044	487519
1045	487999
1046	487098
1047	487562
1048	487662
1049	488758
1050	487657
1051	488293
1052	489354
1053	487261
1054	486690
1055	488879
1056	488704
1057	487157
1058	488898
1059	488501
1060	488247
1061	486728
1062	489165
1063	488903
1064	487880
1065	488371
1066	487778
1067	487132
1068	488663
1069	488545
1070	487417
1071	488563
1072	488106
1073	487268
1074	487619
1075	488892
1076	489072
1077	487742
1078	488267
1079	487621
1080	487355
1081	487092
1082	488527
1083	486900
1084	488417
1085	488439
1086	488463
1087	488252
1088	489082
1089	488255
1090	488175
1091	489406
1092	488277
1093	488517
1094	489531
1095	486963
1096	489019
1097	487971
1098	487840
1099	488949
1100	488091
1101	487351
1102	488340
1103	489042
1104	488656
1105	489555
1106	488556
1107	488512
1108	488862
1109	487996
1110	487771
1111	488824
1112	489820
1113	489033
1114	487239
1115	488659
1116	487214
1117	489684
1118	489330
1119	489467
1120	488996
1121	489000
1122	488086
1123	487926
1124	487928
1125	488168
1126	487258
1127	488813
1128	487275
1129	489606
1130	488660
1131	488154
1132	488708
1133	488858
1134	489906
1135	488583
1136	488850
1137	488556
1138	488184
1139	489634
1140	488401
1141	489232
1142	489119
1143	488516
1144	488664
1145	487023
1146	488115
1147	488895
1148	488259
1149	488017
1150	487969
1151	487819
1152	488163
1153	488767
1154	487883
1155	488099
1156	488899
1157	487794
1158	489761
1159	488738
1160	488667
1161	488163
1162	488953
1163	488193
1164	489331
1165	488742
1166	487346
1167	487583
1168	488384
1169	489410
1170	488436
1171	489528
1172	488918
1173	489177
1174	487299
1175	488699
1176	489221
1177	488792
1178	487973
1179	488152
1180	489496
1181	488258
1182	488663
1183	488068
1184	489725
1185	486667
1186	489025
1187	488659
1188	488344
1189	489340
1190	489235
1191	487356
1192	488713
1193	489064
1194	489022
1195	488456
1196	488921
1197	488269
1198	487705
1199	488325
1200	488873
1201	487761
1202	487638
1203	488450
1204	488102
1205	487400
1206	488891
1207	488716
1208	488273
1209	488413
1210	490144
1211	487895
1212	488326
1213	488057
1214	488526
1215	488622
1216	488026
1217	488509
1218	488725
1219	487701
1220	488092
1221	488183
1222	488278
1223	488074
1224	487757
1225	488111
1226	488768
1227	488154
1228	489096
1229	488649
1230	488828
1231	488770
1232	487647
1233	489806
1234	487556
1235	488053
1236	488277
1237	486867
1238	487634
1239	488241
1240	488553
1241	487385
1242	488201
1243	489364
1244	488279
1245	488963
1246	487717
1247	488932
1248	488454
1249	487453
1250	488678
1251	487720
1252	488329
1253	487539
1254	487963
1255	487749
1256	487334
1257	489063
1258	489504
1259	488316
1260	487363
1261	487512
1262	489475
1263	487716
1264	489317
1265	487239
1266	488515
1267	488275
1268	488218
1269	489605
1270	487715
1271	488894
1272	488153
1273	489510
1274	487499
1275	490220
1276	487975
1277	488253
1278	489401
1279	488764
1280	488928
1281	487814
1282	489170
1283	488072
1284	488221
1285	487774
1286	488040
1287	487664
1288	488013
1289	486988
1290	487585
1291	488349
1292	487883
1293	488690
1294	487958
1295	487921
1296	488643
1297	488716
1298	488962
1299	489089
1300	488221
1301	488654
1302	489515
1303	488269
1304	487705
1305	487324
1306	488814
1307	487775
1308	487463
1309	488207
1310	488681
1311	489054
1312	488244
1313	488520
1314	488173
1315	487900
1316	489225
1317	489438
1318	488425
1319	488264
1320	489385
1321	487595
1322	488118
1323	488346
1324	488172
1325	486999
1326	488266
1327	489391
1328	489515
1329	487686
1330	487797
1331	488506
1332	487539
1333	487657
1334	488028
1335	488335
1336	488000
1337	488547
1338	488017
1339	488120
1340	487823
1341	487588
1342	486895
1343	487912
1344	488918
1345	487156
1346	487523
1347	487320
1348	489443
1349	488582
1350	487051
1351	488041
1352	488917
1353	488595
1354	489121
1355	488135
1356	488332
1357	487393
1358	488713
1359	487525
1360	489080
1361	488516
1362	488239
1363	488216
1364	488151
1365	488875
1366	487967
1367	488393
1368	488347
1369	488732
1370	488989
1371	487868
1372	487640
1373	487518
1374	489038
1375	488467
1376	487995
1377	487647
1378	487426
1379	489034
1380	488596
1381	487917
1382	488283
1383	488761
1384	488417
1385	488144
1386	488459
1387	488361
1388	488443
1389	488188
1390	487200
1391	487537
1392	487967
1393	487975
1394	487812
1395	487081
1396	488274
1397	488158
1398	487524
1399	488040
1400	488108
1401	488977
1402	487882
1403	488137
1404	488487
1405	488793
1406	488317
1407	487888
1408	488016
1409	489178
1410	488313
1411	489907
1412	489021
1413	489507
1414	488029
1415	488821
1416	489337
1417	487147
1418	487978
1419	488707
1420	487431
1421	489387
1422	488251
1423	488186
1424	487868
1425	487791
1426	488842
1427	488074
1428	488906
1429	486810
1430	487619
1431	489036
1432	489401
1433	486862
1434	487948
1435	488576
1436	488264
1437	488661
1438	488212
1439	488865
1440	489104
1441	488126
1442	488590
1443	487900
1444	488985
1445	487695
1446	487089
1447	488555
1448	488065
1449	488448
1450	488828
1451	488094
1452	487973
1453	488520
1454	489261
1455	486578
1456	489365
1457	487906
1458	487489
1459	487048
1460	488948
1461	487753
1462	488434
1463	487617
1464	487598
1465	487284
1466	487625
1467	489029
1468	488329
1469	488618
1470	488959
1471	487874
1472	488661
1473	488764
1474	487668
1475	487563
1476	487823
1477	489170
1478	488938
1479	489496
1480	488417
1481	488767
1482	488444
1483	487570
1484	488219
1485	488987
1486	489437
1487	488525
1488	488609
1489	487071
1490	487351
1491	488494
1492	488679
1493	488982
1494	487826
1495	486998
1496	488382
1497	488130
1498	488138
1499	488473
1500	488496
1501	487530
1502	488039
1503	487174
1504	487802
1505	487561
1506	488332
1507	487916
1508	488140
1509	488498
1510	489307
1511	487901
1512	488675
1513	487910
1514	487856
1515	488810
1516	488071
1517	487341
1518	487522
1519	489145
1520	488894
1521	487936
1522	488017
1523	488044
1524	488406
1525	487196
1526	488085
1527	488512
1528	488910
1529	487133
1530	489180
1531	489120
1532	488513
1533	488771
1534	488695
1535	487812
1536	487541
1537	489815
1538	488132
1539	487849
1540	487556
1541	488129
1542	488491
1543	486851
1544	487704
1545	487999
1546	487591
1547	487383
1548	488271
1549	488834
1550	488405
1551	488692
1552	488461
1553	488753
1554	488669
1555	487911
1556	488155
1557	488608
1558	489081
1559	488452
1560	487900
1561	488574
1562	489930
1563	487397
1564	487689
1565	489949
1566	488321
1567	487825
1568	488038
1569	487950
1570	487218
1571	488941
1572	488069
1573	487421
1574	488151
1575	487177
1576	488467
1577	486689
1578	488451
1579	487929
1580	488441
1581	489131
1582	488045
1583	488974
1584	488151
1585	487676
1586	487999
1587	489181
1588	488212
1589	487859
1590	487068
1591	488189
1592	489163
1593	488099
1594	489550
1595	489467
1596	487658
1597	487149
1598	487205
1599	487990
1600	488001
1601	487179
1602	487379
1603	488517
1604	487353
1605	488113
1606	486689
1607	488275
1608	488835
1609	486798
1610	487036
1611	487612
1612	488473
1613	487854
1614	486600
1615	488511
1616	488378
1617	487116
1618	488283
1619	487915
1620	487128
1621	487611
1622	488228
1623	488761
1624	488619
1625	488037
1626	487273
1627	487513
1628	487890
1629	486984
1630	487718
1631	488640
1632	488906
1633	487750
1634	487732
1635	487831
1636	488623
1637	487255
1638	487103
1639	488410
1640	488153
1641	488989
1642	488947
1643	487989
1644	488236
1645	487440
1646	487867
1647	487598
1648	489216
1649	487478
1650	488854
1651	486699
1652	488483
1653	487672
1654	487829
1655	487760
1656	488565
1657	487217
1658	487774
1659	488209
1660	488427
1661	488816
1662	487362
1663	489168
1664	487692
1665	486994
1666	489269
1667	488863
1668	490369
1669	487918
1670	489099
1671	488741
1672	488969
1673	488707
1674	487965
1675	488515
1676	488149
1677	487291
1678	487641
1679	489727
1680	489306
1681	489835
1682	487266
1683	487269
1684	488708
1685	487678
1686	488058
1687	487606
1688	487749
1689	488805
1690	487981
1691	487274
1692	487606
1693	488456
1694	488439
1695	489105
1696	489093
1697	488403
1698	488198
1699	488148
1700	487143
1701	487707
1702	487602
1703	487788
1704	488960
1705	487356
1706	488419
1707	488161
1708	488652
1709	488604
1710	488229
1711	489284
1712	488263
1713	487151
1714	488382
1715	487581
1716	488293
1717	488813
1718	489414
1719	487955
1720	488712
1721	489601
1722	489334
1723	488848
1724	488021
1725	488134
1726	488140
1727	488245
1728	488528
1729	487718
1730	487211
1731	487051
1732	488723
1733	487660
1734	488934
1735	487834
1736	488460
1737	488446
1738	488015
1739	487907
1740	487953
1741	488542
1742	488674
1743	488063
1744	488478
1745	488288
1746	488940
1747	486948
1748	488937
1749	488574
1750	489639
1751	487062
1752	489506
1753	488271
1754	488257
1755	488449
1756	489612
1757	488008
1758	488495
1759	487869
1760	487497
1761	488952
1762	486779
1763	488637
1764	490138
1765	488041
1766	488250
1767	488332
1768	489818
1769	487968
1770	488820
1771	488250
1772	488482
1773	487566
1774	489275
1775	488084
1776	488781
1777	488755
1778	488816
1779	488861
1780	487760
1781	488691
1782	489434
1783	489505
1784	488306
1785	489175
1786	488341
1787	487210
1788	487819
1789	487504
1790	489058
1791	487671
1792	486751
1793	487987
1794	489606
1795	488258
1796	488802
1797	487568
1798	488479
1799	488755
1800	487378
1801	487424
1802	488237
1803	487827
1804	488301
1805	489199
1806	488306
1807	487388
1808	488193
1809	487968
1810	487923
1811	488658
1812	489079
1813	488006
1814	488824
1815	487373
1816	488813
1817	488243
1818	487409
1819	488945
1820	489149
1821	489058
1822	487432
1823	487456
1824	488082
1825	488976
1826	487028
1827	487379
1828	488245
1829	488609
1830	488728
1831	488067
1832	488650
1833	489453
1834	487131
1835	488399
1836	489400
1837	487733
1838	487950
1839	488200
1840	488642
1841	488114
1842	487545
1843	487629
1844	487960
1845	488368
1846	488468
1847	487768
1848	488920
1849	488151
1850	488686
1851	487442
1852	488918
1853	488422
1854	487145
1855	487719
1856	488635
1857	488100
1858	488478
1859	488727
1860	487611
1861	486109
1862	488361
1863	488510
1864	488880
1865	487268
1866	488817
1867	488038
1868	488142
1869	487769
1870	488171
1871	486723
1872	487510
1873	489641
1874	486614
1875	488137
1876	487935
1877	489011
1878	488728
1879	487993
1880	487768
1881	488466
1882	488931
1883	488209
1884	488311
1885	488751
1886	488106
1887	488448
1888	488714
1889	488398
1890	486817
1891	489848
1892	488279
1893	488306
1894	488046
1895	487835
1896	487829
1897	488042
1898	488864
1899	488530
1900	489429
1901	486924
1902	487379
1903	486684
1904	488302
1905	488553
1906	487843
1907	488357
1908	488553
1909	488607
1910	489284
1911	487920
1912	489278
1913	489093
1914	487787
1915	487355
1916	488668
1917	488767
1918	488488
1919	488047
1920	488286
1921	489082
1922	487399
1923	488866
1924	488094
1925	489101
1926	487818
1927	489809
1928	488104
1929	487641
1930	488337
1931	488934
1932	488554
1933	487153
1934	488132
1935	488185
1936	488652
1937	488177
1938	487197
1939	487958
1940	488532
1941	487452
1942	487578
1943	488312
1944	487692
1945	489544
1946	488231
1947	488148
1948	487813
1949	488621
1950	489383
1951	488037
1952	488038
1953	487428
1954	489246
1955	487476
1956	488757
1957	487811
1958	488439
1959	488894
1960	488801
1961	486885
1962	489328
1963	488488
1964	488749
1965	488237
1966	487671
1967	487426
1968	488003
1969	487570
1970	486737
1971	487316
1972	488419
1973	488555
1974	488311
1975	489946
1976	486597
1977	487678
1978	487439
1979	487760
1980	486922
1981	488518
1982	487910
1983	488632
1984	488763
1985	489002
1986	488503
1987	487425
1988	489151
1989	488337
1990	487643
1991	489456
1992	488183
1993	488295
1994	488351
1995	487701
1996	489405
1997	487755
1998	488606
1999	487645
2000	488189
2001	488380
2002	487622
2003	488691
2004	488657
2005	488635
2006	489121
2007	488459
2008	487459
2009	489233
2010	487516
2011	489601
2012	488669
2013	487581
2014	488155
2015	488096
2016	487861
2017	487795
2018	487417
2019	488262
2020	488864
2021	487485
2022	487515
2023	488964
2024	488824
2025	489138
2026	489211
2027	487987
2028	487393
2029	488475
2030	488549
2031	487705
2032	489182
2033	488443
2034	487809
2035	489632
2036	488647
2037	488011
2038	489202
2039	488832
2040	488988
2041	488127
2042	488177
2043	488017
2044	487980
2045	489502
2046	488855
2047	489515
