0	0
1	1
2	0
3	0
4	0
5	0
6	0
7	0
8	3
9	0
10	0
11	0
12	0
13	0
14	0
15	0
16	1
17	0
18	0
19	0
20	0
21	0
22	0
23	0
24	0
25	0
26	0
27	1
28	0
29	1
30	0
31	1
32	1
33	1
34	0
35	0
36	1
37	0
38	0
39	2
40	0
41	1
42	0
43	0
44	0
45	0
46	1
47	0
48	0
49	0
50	1
51	0
52	1
53	0
54	0
55	0
56	1
57	0
58	2
59	0
60	0
61	2
62	0
63	1
64	0
65	0
66	1
67	1
68	1
69	2
70	0
71	2
72	1
73	1
74	2
75	0
76	2
77	0
78	1
79	0
80	0
81	0
82	0
83	0
84	1
85	1
86	1
87	4
88	1
89	2
90	1
91	0
92	0
93	0
94	3
95	0
96	0
97	0
98	0
99	4
100	1
101	2
102	0
103	3
104	4
105	0
106	2
107	1
108	1
109	1
110	1
111	2
112	2
113	1
114	1
115	1
116	1
117	2
118	1
119	1
120	2
121	1
122	2
123	2
124	3
125	3
126	1
127	0
128	1
129	0
130	2
131	4
132	2
133	1
134	2
135	2
136	0
137	1
138	4
139	1
140	1
141	2
142	3
143	1
144	3
145	4
146	2
147	1
148	2
149	3
150	1
151	0
152	5
153	1
154	2
155	2
156	4
157	5
158	5
159	1
160	2
161	1
162	4
163	3
164	3
165	3
166	4
167	1
168	2
169	4
170	1
171	2
172	4
173	2
174	2
175	2
176	1
177	6
178	3
179	4
180	2
181	7
182	3
183	5
184	4
185	4
186	5
187	1
188	4
189	7
190	4
191	5
192	3
193	9
194	4
195	6
196	3
197	4
198	4
199	2
200	7
201	4
202	3
203	6
204	5
205	5
206	6
207	3
208	6
209	6
210	6
211	2
212	5
213	4
214	5
215	4
216	6
217	4
218	9
219	8
220	3
221	5
222	4
223	4
224	3
225	8
226	6
227	3
228	11
229	9
230	8
231	6
232	3
233	10
234	11
235	3
236	10
237	7
238	4
239	11
240	5
241	7
242	6
243	4
244	10
245	8
246	4
247	10
248	5
249	4
250	7
251	12
252	7
253	8
254	10
255	5
256	6
257	12
258	5
259	8
260	6
261	9
262	8
263	12
264	14
265	9
266	11
267	7
268	11
269	9
270	15
271	12
272	13
273	12
274	12
275	16
276	5
277	9
278	7
279	22
280	12
281	8
282	7
283	17
284	17
285	12
286	16
287	13
288	12
289	12
290	16
291	12
292	6
293	18
294	7
295	11
296	14
297	16
298	14
299	9
300	15
301	19
302	16
303	18
304	20
305	10
306	20
307	11
308	21
309	12
310	17
311	18
312	20
313	15
314	16
315	13
316	19
317	17
318	13
319	18
320	20
321	13
322	19
323	28
324	16
325	12
326	14
327	28
328	23
329	18
330	21
331	27
332	16
333	31
334	19
335	19
336	29
337	26
338	25
339	19
340	26
341	29
342	22
343	24
344	26
345	23
346	35
347	27
348	24
349	30
350	19
351	14
352	19
353	27
354	31
355	27
356	30
357	24
358	31
359	40
360	20
361	28
362	23
363	28
364	23
365	22
366	27
367	27
368	23
369	27
370	27
371	32
372	37
373	36
374	22
375	21
376	31
377	37
378	41
379	44
380	37
381	33
382	30
383	33
384	38
385	34
386	43
387	32
388	43
389	31
390	32
391	41
392	35
393	36
394	36
395	55
396	36
397	43
398	30
399	33
400	42
401	50
402	48
403	33
404	49
405	32
406	50
407	41
408	43
409	40
410	41
411	55
412	31
413	40
414	50
415	51
416	48
417	48
418	51
419	43
420	42
421	46
422	54
423	52
424	50
425	55
426	54
427	57
428	45
429	51
430	56
431	47
432	58
433	53
434	54
435	54
436	47
437	57
438	61
439	69
440	64
441	69
442	61
443	61
444	55
445	59
446	66
447	61
448	57
449	64
450	78
451	74
452	69
453	69
454	58
455	69
456	69
457	75
458	81
459	92
460	64
461	78
462	83
463	77
464	71
465	76
466	62
467	66
468	75
469	62
470	73
471	87
472	69
473	71
474	81
475	84
476	84
477	73
478	90
479	65
480	60
481	75
482	84
483	93
484	94
485	100
486	81
487	82
488	84
489	84
490	88
491	90
492	110
493	85
494	93
495	85
496	94
497	88
498	92
499	95
500	111
501	99
502	103
503	97
504	105
505	89
506	98
507	88
508	104
509	94
510	106
511	128
512	107
513	101
514	125
515	114
516	93
517	110
518	120
519	106
520	123
521	109
522	116
523	130
524	136
525	121
526	118
527	135
528	115
529	123
530	112
531	139
532	132
533	124
534	123
535	124
536	132
537	125
538	132
539	134
540	143
541	153
542	140
543	141
544	137
545	139
546	146
547	138
548	137
549	134
550	158
551	142
552	171
553	151
554	152
555	128
556	130
557	146
558	154
559	155
560	141
561	138
562	153
563	177
564	167
565	166
566	174
567	156
568	171
569	165
570	168
571	187
572	161
573	166
574	170
575	166
576	168
577	200
578	185
579	165
580	195
581	173
582	183
583	178
584	197
585	193
586	225
587	199
588	163
589	180
590	194
591	192
592	204
593	198
594	201
595	211
596	201
597	206
598	212
599	170
600	223
601	218
602	199
603	186
604	179
605	184
606	216
607	199
608	206
609	240
610	228
611	237
612	221
613	201
614	207
615	229
616	234
617	194
618	221
619	240
620	234
621	250
622	225
623	248
624	250
625	252
626	251
627	232
628	280
629	251
630	241
631	251
632	272
633	265
634	244
635	257
636	261
637	258
638	268
639	292
640	268
641	276
642	277
643	272
644	261
645	264
646	263
647	307
648	266
649	278
650	271
651	312
652	303
653	308
654	266
655	277
656	293
657	288
658	297
659	280
660	296
661	296
662	309
663	270
664	280
665	270
666	317
667	330
668	284
669	293
670	308
671	310
672	318
673	323
674	346
675	294
676	303
677	314
678	302
679	316
680	309
681	315
682	324
683	314
684	350
685	343
686	342
687	326
688	346
689	392
690	350
691	334
692	324
693	335
694	351
695	339
696	329
697	331
698	352
699	336
700	364
701	356
702	390
703	352
704	390
705	387
706	371
707	335
708	373
709	401
710	389
711	415
712	375
713	407
714	405
715	371
716	413
717	413
718	378
719	380
720	410
721	386
722	354
723	419
724	390
725	384
726	402
727	398
728	405
729	457
730	405
731	407
732	428
733	399
734	393
735	412
736	451
737	439
738	406
739	393
740	415
741	430
742	457
743	417
744	448
745	449
746	387
747	420
748	445
749	471
750	440
751	455
752	469
753	462
754	468
755	470
756	482
757	451
758	502
759	463
760	467
761	460
762	440
763	469
764	484
765	455
766	474
767	464
768	539
769	503
770	449
771	523
772	478
773	470
774	523
775	471
776	488
777	492
778	495
779	457
780	489
781	519
782	550
783	487
784	512
785	484
786	490
787	505
788	491
789	496
790	502
791	533
792	511
793	546
794	508
795	508
796	542
797	540
798	563
799	545
800	529
801	519
802	533
803	545
804	578
805	477
806	529
807	563
808	553
809	575
810	515
811	538
812	568
813	601
814	532
815	577
816	571
817	582
818	593
819	584
820	542
821	565
822	593
823	568
824	605
825	615
826	596
827	565
828	619
829	614
830	602
831	598
832	590
833	642
834	581
835	663
836	589
837	615
838	636
839	605
840	599
841	620
842	601
843	643
844	655
845	599
846	591
847	635
848	639
849	622
850	655
851	625
852	652
853	691
854	647
855	649
856	646
857	598
858	617
859	642
860	642
861	683
862	662
863	622
864	642
865	665
866	626
867	672
868	669
869	677
870	621
871	649
872	718
873	686
874	665
875	690
876	671
877	691
878	671
879	684
880	717
881	699
882	636
883	668
884	673
885	698
886	712
887	696
888	706
889	693
890	700
891	685
892	680
893	701
894	682
895	739
896	696
897	712
898	676
899	773
900	694
901	686
902	705
903	735
904	776
905	709
906	709
907	715
908	702
909	709
910	726
911	692
912	779
913	681
914	734
915	684
916	732
917	717
918	781
919	737
920	717
921	746
922	728
923	763
924	722
925	745
926	740
927	729
928	747
929	691
930	719
931	766
932	742
933	759
934	751
935	738
936	735
937	758
938	722
939	710
940	742
941	743
942	763
943	776
944	778
945	745
946	771
947	759
948	713
949	747
950	766
951	745
952	797
953	767
954	750
955	791
956	760
957	741
958	788
959	736
960	792
961	728
962	741
963	775
964	800
965	789
966	771
967	780
968	772
969	814
970	786
971	819
972	771
973	781
974	803
975	806
976	772
977	743
978	784
979	734
980	768
981	758
982	801
983	787
984	725
985	785
986	808
987	756
988	833
989	828
990	857
991	783
992	777
993	762
994	799
995	748
996	776
997	782
998	811
999	840
1000	762
1001	778
1002	777
1003	810
1004	800
1005	829
1006	805
1007	844
1008	788
1009	837
1010	805
1011	850
1012	790
1013	798
1014	806
1015	798
1016	782
1017	818
1018	747
1019	820
1020	817
1021	795
1022	776
1023	806
1024	790
1025	782
1026	835
1027	800
1028	752
1029	745
1030	746
1031	762
1032	832
1033	763
1034	795
1035	821
1036	789
1037	810
1038	757
1039	798
1040	878
1041	770
1042	803
1043	800
1044	767
1045	806
1046	751
1047	846
1048	755
1049	772
1050	790
1051	759
1052	795
1053	817
1054	758
1055	789
1056	775
1057	750
1058	780
1059	773
1060	805
1061	809
1062	784
1063	776
1064	756
1065	795
1066	765
1067	827
1068	776
1069	838
1070	765
1071	783
1072	778
1073	800
1074	790
1075	766
1076	749
1077	740
1078	807
1079	779
1080	784
1081	765
1082	734
1083	807
1084	729
1085	772
1086	792
1087	778
1088	766
1089	743
1090	772
1091	787
1092	792
1093	809
1094	809
1095	807
1096	743
1097	768
1098	740
1099	796
1100	748
1101	789
1102	765
1103	754
1104	732
1105	751
1106	759
1107	824
1108	700
1109	774
1110	777
1111	743
1112	769
1113	787
1114	758
1115	746
1116	743
1117	772
1118	720
1119	761
1120	747
1121	756
1122	754
1123	751
1124	729
1125	713
1126	769
1127	764
1128	835
1129	753
1130	712
1131	749
1132	749
1133	730
1134	767
1135	699
1136	744
1137	717
1138	746
1139	727
1140	736
1141	712
1142	733
1143	718
1144	665
1145	673
1146	721
1147	726
1148	708
1149	668
1150	686
1151	711
1152	661
1153	724
1154	680
1155	722
1156	692
1157	719
1158	652
1159	712
1160	690
1161	703
1162	730
1163	689
1164	691
1165	723
1166	687
1167	663
1168	665
1169	675
1170	649
1171	649
1172	696
1173	638
1174	656
1175	642
1176	694
1177	670
1178	652
1179	667
1180	646
1181	669
1182	661
1183	651
1184	601
1185	631
1186	700
1187	598
1188	634
1189	664
1190	598
1191	619
1192	593
1193	599
1194	663
1195	658
1196	661
1197	641
1198	612
1199	648
1200	628
1201	604
1202	679
1203	623
1204	592
1205	626
1206	565
1207	636
1208	619
1209	591
1210	619
1211	623
1212	568
1213	603
1214	598
1215	613
1216	618
1217	615
1218	605
1219	607
1220	570
1221	583
1222	582
1223	623
1224	602
1225	579
1226	583
1227	606
1228	590
1229	545
1230	578
1231	573
1232	639
1233	587
1234	555
1235	603
1236	581
1237	590
1238	557
1239	545
1240	561
1241	560
1242	555
1243	570
1244	538
1245	555
1246	545
1247	583
1248	524
1249	578
1250	547
1251	577
1252	584
1253	537
1254	552
1255	553
1256	531
1257	517
1258	492
1259	505
1260	514
1261	511
1262	496
1263	515
1264	529
1265	508
1266	512
1267	475
1268	509
1269	515
1270	493
1271	464
1272	446
1273	524
1274	544
1275	467
1276	482
1277	490
1278	499
1279	455
1280	478
1281	499
1282	462
1283	474
1284	501
1285	494
1286	478
1287	463
1288	472
1289	473
1290	473
1291	425
1292	430
1293	462
1294	459
1295	414
1296	443
1297	421
1298	454
1299	464
1300	414
1301	450
1302	452
1303	433
1304	439
1305	444
1306	460
1307	425
1308	431
1309	447
1310	470
1311	375
1312	386
1313	403
1314	400
1315	397
1316	430
1317	372
1318	425
1319	393
1320	427
1321	380
1322	380
1323	426
1324	391
1325	380
1326	409
1327	395
1328	369
1329	393
1330	393
1331	416
1332	379
1333	384
1334	353
1335	360
1336	358
1337	402
1338	360
1339	338
1340	353
1341	365
1342	340
1343	396
1344	368
1345	364
1346	363
1347	342
1348	352
1349	345
1350	320
1351	354
1352	359
1353	338
1354	370
1355	329
1356	340
1357	343
1358	347
1359	332
1360	342
1361	341
1362	335
1363	361
1364	328
1365	315
1366	322
1367	319
1368	320
1369	300
1370	308
1371	324
1372	313
1373	307
1374	318
1375	305
1376	304
1377	298
1378	308
1379	306
1380	268
1381	313
1382	285
1383	286
1384	304
1385	297
1386	273
1387	277
1388	270
1389	271
1390	274
1391	280
1392	275
1393	311
1394	253
1395	306
1396	260
1397	266
1398	280
1399	259
1400	276
1401	292
1402	253
1403	256
1404	272
1405	270
1406	277
1407	240
1408	285
1409	243
1410	245
1411	256
1412	223
1413	249
1414	262
1415	241
1416	295
1417	216
1418	230
1419	259
1420	269
1421	222
1422	253
1423	245
1424	250
1425	234
1426	235
1427	245
1428	222
1429	235
1430	223
1431	196
1432	224
1433	222
1434	200
1435	215
1436	201
1437	220
1438	247
1439	211
1440	208
1441	241
1442	203
1443	232
1444	212
1445	191
1446	200
1447	204
1448	188
1449	199
1450	185
1451	185
1452	216
1453	205
1454	207
1455	211
1456	175
1457	186
1458	182
1459	184
1460	155
1461	188
1462	176
1463	161
1464	178
1465	153
1466	183
1467	161
1468	199
1469	150
1470	189
1471	179
1472	160
1473	162
1474	151
1475	162
1476	171
1477	171
1478	164
1479	168
1480	162
1481	158
1482	145
1483	171
1484	168
1485	167
1486	147
1487	147
1488	139
1489	142
1490	131
1491	168
1492	141
1493	142
1494	148
1495	156
1496	124
1497	157
1498	163
1499	147
1500	142
1501	132
1502	149
1503	136
1504	123
1505	119
1506	116
1507	134
1508	130
1509	127
1510	111
1511	132
1512	128
1513	118
1514	123
1515	120
1516	138
1517	135
1518	140
1519	129
1520	127
1521	133
1522	115
1523	114
1524	116
1525	129
1526	116
1527	113
1528	90
1529	105
1530	105
1531	111
1532	129
1533	102
1534	99
1535	116
1536	98
1537	107
1538	102
1539	107
1540	113
1541	100
1542	99
1543	85
1544	111
1545	104
1546	86
1547	107
1548	105
1549	100
1550	97
1551	93
1552	95
1553	90
1554	86
1555	108
1556	90
1557	95
1558	85
1559	101
1560	107
1561	98
1562	80
1563	82
1564	84
1565	89
1566	74
1567	75
1568	72
1569	87
1570	72
1571	77
1572	96
1573	83
1574	75
1575	82
1576	82
1577	65
1578	77
1579	68
1580	69
1581	90
1582	77
1583	65
1584	70
1585	83
1586	72
1587	54
1588	57
1589	71
1590	72
1591	85
1592	63
1593	69
1594	48
1595	77
1596	73
1597	85
1598	72
1599	68
1600	52
1601	72
1602	48
1603	65
1604	70
1605	44
1606	57
1607	74
1608	48
1609	53
1610	45
1611	49
1612	59
1613	55
1614	49
1615	56
1616	44
1617	50
1618	56
1619	70
1620	50
1621	46
1622	47
1623	43
1624	54
1625	50
1626	50
1627	48
1628	46
1629	49
1630	33
1631	43
1632	55
1633	49
1634	37
1635	52
1636	55
1637	59
1638	63
1639	46
1640	43
1641	43
1642	49
1643	35
1644	36
1645	43
1646	43
1647	45
1648	42
1649	38
1650	49
1651	43
1652	47
1653	28
1654	34
1655	35
1656	34
1657	41
1658	36
1659	29
1660	38
1661	31
1662	42
1663	43
1664	39
1665	31
1666	38
1667	35
1668	29
1669	22
1670	32
1671	26
1672	28
1673	39
1674	32
1675	31
1676	35
1677	29
1678	27
1679	30
1680	30
1681	29
1682	33
1683	35
1684	25
1685	35
1686	32
1687	29
1688	28
1689	27
1690	20
1691	22
1692	23
1693	32
1694	28
1695	25
1696	28
1697	20
1698	24
1699	22
1700	27
1701	25
1702	27
1703	25
1704	23
1705	20
1706	16
1707	21
1708	28
1709	18
1710	26
1711	14
1712	19
1713	20
1714	14
1715	19
1716	23
1717	32
1718	27
1719	17
1720	12
1721	23
1722	18
1723	15
1724	20
1725	20
1726	17
1727	13
1728	16
1729	20
1730	14
1731	19
1732	23
1733	13
1734	15
1735	14
1736	17
1737	22
1738	15
1739	14
1740	14
1741	17
1742	17
1743	11
1744	22
1745	24
1746	13
1747	12
1748	21
1749	19
1750	17
1751	16
1752	17
1753	11
1754	9
1755	17
1756	15
1757	15
1758	10
1759	11
1760	13
1761	8
1762	11
1763	18
1764	14
1765	6
1766	16
1767	9
1768	14
1769	13
1770	11
1771	8
1772	14
1773	14
1774	11
1775	6
1776	8
1777	11
1778	19
1779	13
1780	14
1781	9
1782	10
1783	6
1784	11
1785	10
1786	9
1787	9
1788	11
1789	14
1790	9
1791	7
1792	8
1793	6
1794	12
1795	7
1796	10
1797	9
1798	9
1799	8
1800	12
1801	8
1802	8
1803	9
1804	12
1805	5
1806	5
1807	7
1808	4
1809	10
1810	7
1811	3
1812	11
1813	4
1814	8
1815	6
1816	3
1817	10
1818	7
1819	4
1820	8
1821	5
1822	3
1823	9
1824	6
1825	3
1826	3
1827	3
1828	1
1829	3
1830	6
1831	5
1832	5
1833	9
1834	6
1835	6
1836	3
1837	9
1838	3
1839	3
1840	5
1841	7
1842	11
1843	2
1844	5
1845	3
1846	3
1847	2
1848	5
1849	10
1850	6
1851	3
1852	9
1853	3
1854	2
1855	3
1856	2
1857	8
1858	4
1859	9
1860	6
1861	7
1862	3
1863	3
1864	5
1865	5
1866	4
1867	0
1868	5
1869	9
1870	7
1871	4
1872	4
1873	4
1874	4
1875	3
1876	1
1877	6
1878	3
1879	6
1880	3
1881	8
1882	4
1883	3
1884	1
1885	1
1886	1
1887	3
1888	1
1889	1
1890	4
1891	0
1892	2
1893	1
1894	1
1895	1
1896	1
1897	3
1898	2
1899	2
1900	2
1901	1
1902	3
1903	1
1904	2
1905	2
1906	3
1907	3
1908	0
1909	1
1910	3
1911	5
1912	1
1913	2
1914	0
1915	3
1916	1
1917	1
1918	2
1919	0
1920	0
1921	5
1922	0
1923	3
1924	0
1925	1
1926	2
1927	4
1928	2
1929	0
1930	1
1931	1
1932	1
1933	0
1934	2
1935	1
1936	1
1937	3
1938	1
1939	3
1940	2
1941	0
1942	0
1943	2
1944	2
1945	0
1946	1
1947	1
1948	5
1949	2
1950	0
1951	3
1952	1
1953	2
1954	0
1955	1
1956	2
1957	1
1958	1
1959	3
1960	0
1961	0
1962	2
1963	3
1964	1
1965	1
1966	1
1967	0
1968	2
1969	1
1970	0
1971	1
1972	0
1973	0
1974	1
1975	1
1976	3
1977	1
1978	0
1979	0
1980	0
1981	1
1982	1
1983	1
1984	1
1985	2
1986	1
1987	0
1988	0
1989	0
1990	0
1991	1
1992	1
1993	0
1994	1
1995	1
1996	0
1997	1
1998	0
1999	1
2000	0
2001	0
2002	1
2003	1
2004	2
2005	1
2006	0
2007	1
2008	0
2009	0
2010	0
2011	0
2012	1
2013	0
2014	0
2015	0
2016	0
2017	0
2018	0
2019	1
2020	1
2021	0
2022	0
2023	0
2024	0
2025	0
2026	0
2027	0
2028	0
2029	0
2030	0
2031	0
2032	0
2033	0
2034	1
2035	0
2036	0
2037	0
2038	0
2039	0
2040	1
2041	0
2042	1
2043	1
2044	0
2045	0
2046	0
2047	1
